At time 1760427040.147766459
- Translation: [0.000, 0.000, 0.000]
- Rotation: in Quaternion [0.000, 0.000, 0.707, 0.707]
- Rotation: in RPY (radian) [0.000, -0.000, 1.571]
- Rotation: in RPY (degree) [0.000, -0.000, 89.995]
- Matrix:
  0.000 -1.000  0.000  0.000
  1.000  0.000  0.000  0.000
  0.000  0.000  1.000  0.000
  0.000  0.000  0.000  1.000
At time 1760427041.140735533
- Translation: [0.000, 0.000, 0.000]
- Rotation: in Quaternion [0.000, 0.000, 0.707, 0.707]
- Rotation: in RPY (radian) [0.000, -0.000, 1.571]
- Rotation: in RPY (degree) [0.000, -0.000, 89.995]
- Matrix:
  0.000 -1.000  0.000  0.000
  1.000  0.000  0.000  0.000
  0.000  0.000  1.000  0.000
  0.000  0.000  0.000  1.000
At time 1760427042.149060299
- Translation: [0.000, 0.000, 0.000]
- Rotation: in Quaternion [0.000, 0.000, 0.707, 0.707]
- Rotation: in RPY (radian) [0.000, -0.000, 1.571]
- Rotation: in RPY (degree) [0.000, -0.000, 89.995]
- Matrix:
  0.000 -1.000  0.000  0.000
  1.000  0.000  0.000  0.000
  0.000  0.000  1.000  0.000
  0.000  0.000  0.000  1.000
At time 1760427043.140600579
- Translation: [0.000, 0.000, 0.000]
- Rotation: in Quaternion [0.000, 0.000, 0.707, 0.707]
- Rotation: in RPY (radian) [0.000, -0.000, 1.571]
- Rotation: in RPY (degree) [0.000, -0.000, 89.995]
- Matrix:
  0.000 -1.000  0.000  0.000
  1.000  0.000  0.000  0.000
  0.000  0.000  1.000  0.000
  0.000  0.000  0.000  1.000
At time 1760427044.148504321
- Translation: [0.000, 0.000, 0.000]
- Rotation: in Quaternion [0.000, 0.000, 0.707, 0.707]
- Rotation: in RPY (radian) [0.000, -0.000, 1.571]
- Rotation: in RPY (degree) [0.000, -0.000, 89.995]
- Matrix:
  0.000 -1.000  0.000  0.000
  1.000  0.000  0.000  0.000
  0.000  0.000  1.000  0.000
  0.000  0.000  0.000  1.000
At time 1760427045.140887147
- Translation: [-1.691, 0.114, 0.000]
- Rotation: in Quaternion [0.000, 0.000, 0.255, 0.967]
- Rotation: in RPY (radian) [0.000, -0.000, 0.516]
- Rotation: in RPY (degree) [0.000, -0.000, 29.537]
- Matrix:
  0.870 -0.493  0.000 -1.691
  0.493  0.870  0.000  0.114
  0.000  0.000  1.000  0.000
  0.000  0.000  0.000  1.000
At time 1760427046.133583479
- Translation: [-1.262, 0.111, 0.000]
- Rotation: in Quaternion [0.000, 0.000, -0.025, 1.000]
- Rotation: in RPY (radian) [0.000, 0.000, -0.050]
- Rotation: in RPY (degree) [0.000, 0.000, -2.858]
- Matrix:
  0.999  0.050  0.000 -1.262
 -0.050  0.999 -0.000  0.111
 -0.000  0.000  1.000  0.000
  0.000  0.000  0.000  1.000
At time 1760427047.140784523
- Translation: [-0.628, 0.067, 0.000]
- Rotation: in Quaternion [0.000, 0.000, -0.044, 0.999]
- Rotation: in RPY (radian) [0.000, 0.000, -0.088]
- Rotation: in RPY (degree) [0.000, 0.000, -5.034]
- Matrix:
  0.996  0.088  0.000 -0.628
 -0.088  0.996 -0.000  0.067
 -0.000  0.000  1.000  0.000
  0.000  0.000  0.000  1.000
At time 1760427048.149083857
- Translation: [-0.311, 0.036, 0.000]
- Rotation: in Quaternion [0.000, 0.000, -0.053, 0.999]
- Rotation: in RPY (radian) [0.000, 0.000, -0.107]
- Rotation: in RPY (degree) [0.000, 0.000, -6.107]
- Matrix:
  0.994  0.106  0.000 -0.311
 -0.106  0.994 -0.000  0.036
 -0.000  0.000  1.000  0.000
  0.000  0.000  0.000  1.000
At time 1760427049.140868523
- Translation: [-0.157, 0.019, 0.000]
- Rotation: in Quaternion [0.000, 0.000, -0.058, 0.998]
- Rotation: in RPY (radian) [0.000, 0.000, -0.116]
- Rotation: in RPY (degree) [0.000, 0.000, -6.621]
- Matrix:
  0.993  0.115  0.000 -0.157
 -0.115  0.993 -0.000  0.019
 -0.000  0.000  1.000  0.000
  0.000  0.000  0.000  1.000
At time 1760427050.148648956
- Translation: [-0.078, 0.010, 0.000]
- Rotation: in Quaternion [0.000, 0.000, -0.060, 0.998]
- Rotation: in RPY (radian) [0.000, 0.000, -0.120]
- Rotation: in RPY (degree) [0.000, 0.000, -6.880]
- Matrix:
  0.993  0.120  0.000 -0.078
 -0.120  0.993 -0.000  0.010
 -0.000  0.000  1.000  0.000
  0.000  0.000  0.000  1.000
At time 1760427051.141557640
- Translation: [-0.039, 0.005, 0.000]
- Rotation: in Quaternion [0.000, 0.000, -0.061, 0.998]
- Rotation: in RPY (radian) [0.000, 0.000, -0.122]
- Rotation: in RPY (degree) [0.000, 0.000, -7.005]
- Matrix:
  0.993  0.122  0.000 -0.039
 -0.122  0.993 -0.000  0.005
 -0.000  0.000  1.000  0.000
  0.000  0.000  0.000  1.000
At time 1760427052.147866166
- Translation: [-0.019, 0.002, 0.000]
- Rotation: in Quaternion [0.000, 0.000, -0.062, 0.998]
- Rotation: in RPY (radian) [0.000, 0.000, -0.123]
- Rotation: in RPY (degree) [0.000, 0.000, -7.067]
- Matrix:
  0.992  0.123  0.000 -0.019
 -0.123  0.992 -0.000  0.002
 -0.000  0.000  1.000  0.000
  0.000  0.000  0.000  1.000
